Interação: 1
Enxame:
0.000000	1.000000	
0.000000	1.000000	
0.000000	1.000000	
0.000000	1.000000	

Soluções:
0.000000	1.000000	
0.000000	1.000000	

Interação: 2
Enxame:
0.009877	0.986486	
0.000000	0.993243	
0.000000	1.000000	
0.000000	1.000000	

Soluções:
0.000000	1.000000	
0.000000	1.000000	

Interação: 3
Enxame:
0.456173	0.434122	
0.113580	0.836149	
0.004938	1.000000	
0.000000	1.000000	

Soluções:
0.004938	1.000000	
0.456173	0.434122	

Interação: 4
Enxame:
0.029630	0.993243	
0.000000	1.000000	
0.035185	1.000000	
0.000000	0.985642	

Soluções:
0.035185	1.000000	
0.456173	0.434122	

Interação: 5
Enxame:
0.000000	1.000000	
0.260494	0.870777	
0.000000	1.000000	
0.000000	1.000000	

Soluções:
0.035185	1.000000	
0.456173	0.434122	

Interação: 6
Enxame:
0.009877	1.000000	
0.000000	1.000000	
0.004938	1.000000	
0.090741	0.938345	

Soluções:
0.035185	1.000000	
0.456173	0.434122	

Interação: 7
Enxame:
0.000000	1.000000	
0.995062	0.008446	
0.009877	0.972973	
0.105556	0.871622	

Soluções:
0.456173	0.434122	
0.035185	1.000000	

Interação: 8
Enxame:
0.319136	0.833615	
0.000000	1.000000	
0.995062	0.008446	
0.004938	0.993243	

Soluções:
0.456173	0.434122	
0.035185	1.000000	

Interação: 9
Enxame:
0.009877	1.000000	
0.000000	1.000000	
0.019753	1.000000	
0.093827	0.986486	

Soluções:
0.035185	1.000000	
0.456173	0.434122	

Interação: 10
Enxame:
0.456173	0.434122	
0.045062	0.959459	
0.079630	0.945946	
0.035185	1.000000	

Soluções:
0.035185	1.000000	
0.035185	1.000000	

Interação: 11
Enxame:
0.314198	0.842061	
0.046296	0.993243	
0.035185	1.000000	
0.079630	0.945946	

Soluções:
0.035185	1.000000	
0.035185	1.000000	

Interação: 12
Enxame:
0.085185	0.884291	
0.079630	0.945946	
0.024691	1.000000	
0.035185	1.000000	

Soluções:
0.035185	1.000000	
0.035185	1.000000	

Interação: 13
Enxame:
0.015432	1.000000	
0.009877	1.000000	
0.004938	1.000000	
1.000000	0.000000	

Soluções:
0.035185	1.000000	
0.035185	1.000000	

Interação: 14
Enxame:
0.314198	0.842061	
0.456173	0.434122	
0.456173	0.434122	
0.456173	0.434122	

Soluções:
0.456173	0.434122	
0.035185	1.000000	

Interação: 15
Enxame:
0.456173	0.434122	
0.456173	0.434122	
0.079630	0.945946	
0.035802	1.000000	

Soluções:
0.035802	1.000000	
0.456173	0.434122	

Interação: 16
Enxame:
0.035185	1.000000	
0.283951	0.932432	
0.456173	0.434122	
0.015432	0.979730	

Soluções:
0.035802	1.000000	
0.456173	0.434122	

Interação: 17
Enxame:
0.009877	0.986486	
0.004938	1.000000	
0.995062	0.008446	
0.456173	0.434122	

Soluções:
0.456173	0.434122	
0.035802	1.000000	

Interação: 18
Enxame:
0.046296	0.993243	
1.000000	0.000000	
0.090741	0.938345	
0.456173	0.434122	

Soluções:
0.456173	0.434122	
0.035802	1.000000	

Interação: 19
Enxame:
0.319136	0.833615	
0.283951	0.932432	
0.995062	0.008446	
0.456173	0.434122	

Soluções:
0.456173	0.434122	
0.035802	1.000000	

Interação: 20
Enxame:
0.004938	1.000000	
0.456173	0.434122	
0.000000	1.000000	
0.035802	1.000000	

Soluções:
0.035802	1.000000	
0.456173	0.434122	

Interação: 21
Enxame:
0.130864	0.952703	
1.000000	0.000000	
0.283951	0.932432	
0.035185	1.000000	

Soluções:
0.456173	0.434122	
0.035802	1.000000	

Interação: 22
Enxame:
0.000000	1.000000	
0.046296	0.993243	
0.283951	0.932432	
0.283951	0.932432	

Soluções:
0.035802	1.000000	
0.456173	0.434122	

Interação: 23
Enxame:
0.046296	0.993243	
1.000000	0.000000	
0.046296	0.993243	
0.046296	0.993243	

Soluções:
0.456173	0.434122	
0.035802	1.000000	

Interação: 24
Enxame:
0.319136	0.833615	
0.130864	0.952703	
1.000000	0.000000	
0.283951	0.932432	

Soluções:
0.456173	0.434122	
0.035802	1.000000	

Interação: 25
Enxame:
0.108642	0.986486	
0.035185	1.000000	
0.130864	0.952703	
0.000000	1.000000	

Soluções:
0.035802	1.000000	
0.456173	0.434122	

Fim:

Soluções:
0.035802	1.000000	
0.456173	0.434122	

___ ___ ___ ___ '\"92.6~MaxValue\"' '\"4.0~6.0\"' -> negative
___ ___ '\"19.1~34.2\"' ___ ___ ___ -> negative
