Interação: 1
Enxame:
0.000000	1.000000	
0.000000	1.000000	
0.000000	1.000000	
0.004938	0.993249	

Soluções:
0.000000	1.000000	
0.000000	1.000000	

Interação: 2
Enxame:
0.000000	1.000000	
0.000000	1.000000	
0.000000	1.000000	
0.000000	1.000000	

Soluções:
0.000000	1.000000	
0.000000	1.000000	

Interação: 3
Enxame:
0.059877	0.952743	
0.000000	1.000000	
0.000000	1.000000	
0.000000	1.000000	

Soluções:
0.000000	1.000000	
0.000000	1.000000	

Interação: 4
Enxame:
0.000000	1.000000	
0.000000	1.000000	
0.004938	1.000000	
0.000000	1.000000	

Soluções:
0.004938	1.000000	
0.000000	1.000000	

Interação: 5
Enxame:
0.035185	0.993249	
0.000000	1.000000	
0.000000	1.000000	
0.000000	1.000000	

Soluções:
0.004938	1.000000	
0.035185	0.993249	

Interação: 6
Enxame:
0.045062	0.918143	
0.000000	1.000000	
0.000000	1.000000	
0.000000	1.000000	

Soluções:
0.035185	0.993249	
0.004938	1.000000	

Interação: 7
Enxame:
0.005556	1.000000	
0.004938	0.993249	
0.000000	1.000000	
0.000000	1.000000	

Soluções:
0.035185	0.993249	
0.005556	1.000000	

Interação: 8
Enxame:
0.000000	1.000000	
0.000000	1.000000	
0.000000	0.992405	
0.014815	0.993249	

Soluções:
0.035185	0.993249	
0.005556	1.000000	

Interação: 9
Enxame:
0.000000	1.000000	
0.000000	1.000000	
0.000000	1.000000	
0.029630	0.986498	

Soluções:
0.035185	0.993249	
0.005556	1.000000	

Interação: 10
Enxame:
0.000000	1.000000	
0.000000	1.000000	
0.054321	0.958650	
0.004938	0.993249	

Soluções:
0.035185	0.993249	
0.005556	1.000000	

Interação: 11
Enxame:
0.009877	1.000000	
0.000000	1.000000	
0.000000	1.000000	
0.000000	1.000000	

Soluções:
0.009877	1.000000	
0.035185	0.993249	

Interação: 12
Enxame:
0.004938	0.993249	
0.000000	0.978903	
0.000000	0.993249	
0.000000	1.000000	

Soluções:
0.035185	0.993249	
0.009877	1.000000	

Interação: 13
Enxame:
0.005556	1.000000	
0.111728	0.868354	
0.035185	0.993249	
0.000000	1.000000	

Soluções:
0.035185	0.993249	
0.009877	1.000000	

Interação: 14
Enxame:
0.995062	0.008439	
0.000000	1.000000	
0.020370	0.958650	
0.000000	1.000000	

Soluções:
0.035185	0.993249	
0.009877	1.000000	

Interação: 15
Enxame:
0.050617	0.979747	
0.020370	0.958650	
0.009877	1.000000	
0.000000	1.000000	

Soluções:
0.050617	0.979747	
0.035185	0.993249	

Interação: 16
Enxame:
0.264815	0.692827	
0.000000	0.993249	
0.015432	0.972996	
0.000000	1.000000	

Soluções:
0.000000	1.000000	
0.050617	0.979747	

Interação: 17
Enxame:
0.000000	1.000000	
0.000000	0.978903	
0.995062	0.008439	
0.009877	1.000000	

Soluções:
0.050617	0.979747	
0.009877	1.000000	

Interação: 18
Enxame:
0.010494	0.986498	
0.000000	1.000000	
0.004938	1.000000	
0.039506	0.958650	

Soluções:
0.050617	0.979747	
0.009877	1.000000	

Interação: 19
Enxame:
0.020370	0.958650	
0.020370	0.972996	
0.111728	0.868354	
0.009877	0.979747	

Soluções:
0.009877	1.000000	
0.050617	0.979747	

Interação: 20
Enxame:
0.000000	1.000000	
0.005556	1.000000	
0.111728	0.868354	
0.004938	0.986498	

Soluções:
0.050617	0.979747	
0.009877	1.000000	

Interação: 21
Enxame:
0.004938	0.986498	
0.004938	1.000000	
0.995062	0.008439	
0.004938	0.986498	

Soluções:
0.050617	0.979747	
0.009877	1.000000	

Interação: 22
Enxame:
0.054321	0.958650	
0.000000	0.978903	
0.204321	0.740084	
0.004938	1.000000	

Soluções:
0.050617	0.979747	
0.009877	1.000000	

Interação: 23
Enxame:
0.264815	0.692827	
0.111728	0.868354	
0.035185	0.993249	
0.005556	1.000000	

Soluções:
0.009877	1.000000	
0.050617	0.979747	

Interação: 24
Enxame:
0.111728	0.868354	
0.035185	0.993249	
0.258642	0.870042	
0.014815	0.993249	

Soluções:
0.258642	0.870042	
0.050617	0.979747	

Interação: 25
Enxame:
0.050617	0.979747	
0.000000	0.978903	
0.204321	0.740084	
0.004938	0.986498	

Soluções:
0.258642	0.870042	
0.004938	0.986498	

Fim:

Soluções:
0.258642	0.870042	
0.004938	0.986498	

___ ___ ___ ___ '\"34.2~63.4\"' ___ -> negative
'\"68.8~MaxValue\"' '\"69.0~80.5\"' ___ '\"12.7~20.4\"' '\"34.2~63.4\"' ___ -> negative
