Interação: 1
Enxame:
0.025309	1.000000	
0.000000	1.000000	
0.000000	1.000000	
0.004938	0.993249	

Soluções:
0.025309	1.000000	
1.000000	0.000000	

Interação: 2
Enxame:
0.000000	1.000000	
0.000000	1.000000	
0.060494	0.951055	
0.020988	0.979747	

Soluções:
0.025309	1.000000	
1.000000	0.000000	

Interação: 3
Enxame:
0.000000	1.000000	
0.045679	0.966245	
0.000000	1.000000	
0.024691	0.958650	

Soluções:
0.025309	1.000000	
1.000000	0.000000	

Interação: 4
Enxame:
0.150617	0.821941	
0.115432	0.836287	
0.100617	0.848101	
0.004938	1.000000	

Soluções:
0.025309	1.000000	
1.000000	0.000000	

Interação: 5
Enxame:
0.254938	0.499578	
0.009877	1.000000	
0.455556	0.432068	
0.455556	0.432068	

Soluções:
0.025309	1.000000	
1.000000	0.000000	

Interação: 6
Enxame:
0.025309	0.972996	
0.000000	1.000000	
0.150000	0.697890	
0.005556	0.986498	

Soluções:
0.025309	1.000000	
1.000000	0.000000	

Interação: 7
Enxame:
1.000000	0.000000	
0.455556	0.432068	
0.050000	0.972996	
0.025309	1.000000	

Soluções:
0.025309	1.000000	
1.000000	0.000000	

Interação: 8
Enxame:
0.036420	1.000000	
0.455556	0.432068	
0.114815	0.843882	
0.119753	0.939241	

Soluções:
0.036420	1.000000	
1.000000	0.000000	

Interação: 9
Enxame:
0.000000	1.000000	
0.000000	1.000000	
0.104321	0.869198	
0.009877	0.986498	

Soluções:
0.036420	1.000000	
1.000000	0.000000	

Interação: 10
Enxame:
0.260494	0.870886	
1.000000	0.000000	
0.004938	1.000000	
1.000000	0.000000	

Soluções:
0.036420	1.000000	
1.000000	0.000000	

Interação: 11
Enxame:
1.000000	0.000000	
0.036420	1.000000	
0.260494	0.870886	
0.060494	0.951055	

Soluções:
0.036420	1.000000	
1.000000	0.000000	

Interação: 12
Enxame:
0.000000	1.000000	
0.081481	0.944304	
0.000000	1.000000	
0.455556	0.432068	

Soluções:
0.036420	1.000000	
1.000000	0.000000	

Interação: 13
Enxame:
0.036420	1.000000	
0.050000	0.972996	
0.081481	0.944304	
0.009877	1.000000	

Soluções:
0.036420	1.000000	
1.000000	0.000000	

Interação: 14
Enxame:
0.000000	1.000000	
0.000000	1.000000	
0.455556	0.432068	
0.050000	0.958650	

Soluções:
0.036420	1.000000	
1.000000	0.000000	

Interação: 15
Enxame:
0.050000	0.958650	
0.036420	1.000000	
0.004938	1.000000	
0.000000	1.000000	

Soluções:
0.036420	1.000000	
0.036420	1.000000	

Interação: 16
Enxame:
0.455556	0.432068	
1.000000	0.000000	
0.036420	1.000000	
1.000000	0.000000	

Soluções:
0.036420	1.000000	
0.036420	1.000000	

Interação: 17
Enxame:
1.000000	0.000000	
0.036420	1.000000	
0.036420	1.000000	
0.020370	0.993249	

Soluções:
0.036420	1.000000	
0.036420	1.000000	

Interação: 18
Enxame:
1.000000	0.000000	
0.114815	0.843882	
0.995062	0.008439	
0.081481	0.944304	

Soluções:
0.036420	1.000000	
0.036420	1.000000	

Interação: 19
Enxame:
1.000000	0.000000	
0.455556	0.432068	
0.036420	1.000000	
0.014815	1.000000	

Soluções:
0.036420	1.000000	
0.036420	1.000000	

Interação: 20
Enxame:
0.081481	0.944304	
0.036420	1.000000	
0.009877	1.000000	
0.081481	0.944304	

Soluções:
0.081481	0.944304	
0.036420	1.000000	

Interação: 21
Enxame:
0.036420	1.000000	
1.000000	0.000000	
1.000000	0.000000	
1.000000	0.000000	

Soluções:
0.081481	0.944304	
0.036420	1.000000	

Interação: 22
Enxame:
1.000000	0.000000	
0.995062	0.008439	
1.000000	0.000000	
0.455556	0.432068	

Soluções:
0.036420	1.000000	
0.081481	0.944304	

Interação: 23
Enxame:
0.081481	0.944304	
0.455556	0.432068	
0.081481	0.944304	
0.081481	0.944304	

Soluções:
0.081481	0.944304	
0.036420	1.000000	

Interação: 24
Enxame:
0.081481	0.944304	
1.000000	0.000000	
0.995062	0.008439	
0.036420	1.000000	

Soluções:
0.036420	1.000000	
0.081481	0.944304	

Interação: 25
Enxame:
1.000000	0.000000	
0.004938	0.993249	
0.036420	1.000000	
0.081481	0.944304	

Soluções:
0.081481	0.944304	
0.036420	1.000000	

Fim:

Soluções:
0.081481	0.944304	
0.036420	1.000000	

___ ___ ___ ___ '\"63.4~92.6\"' ___ -> negative
___ ___ '\"19.1~34.2\"' ___ '\"63.4~92.6\"' ___ -> negative
