Interação: 1
Enxame:
0.000000	1.000000	
0.000000	1.000000	
0.000000	1.000000	
0.000000	1.000000	

Soluções:
0.004938	0.991554	
0.000000	1.000000	

Interação: 2
Enxame:
0.000000	1.000000	
0.000000	1.000000	
0.004938	1.000000	
0.004938	1.000000	

Soluções:
0.004938	1.000000	
0.004938	1.000000	

Interação: 3
Enxame:
0.000000	1.000000	
0.000000	1.000000	
0.000000	1.000000	
0.000000	1.000000	

Soluções:
0.004938	1.000000	
0.004938	1.000000	

Interação: 4
Enxame:
0.004938	0.986486	
0.014815	0.993243	
0.000000	1.000000	
0.000000	1.000000	

Soluções:
0.014815	0.993243	
0.004938	1.000000	

Interação: 5
Enxame:
0.000000	1.000000	
0.000000	1.000000	
0.000000	1.000000	
0.119753	0.937500	

Soluções:
0.014815	0.993243	
0.004938	1.000000	

Interação: 6
Enxame:
0.000000	1.000000	
0.004938	0.972128	
0.081481	0.944257	
0.010494	1.000000	

Soluções:
0.014815	0.993243	
0.010494	1.000000	

Interação: 7
Enxame:
0.000000	1.000000	
0.000000	1.000000	
0.015432	0.985642	
0.000000	1.000000	

Soluções:
0.014815	0.993243	
0.010494	1.000000	

Interação: 8
Enxame:
0.179012	0.937500	
0.020988	0.979730	
0.004938	1.000000	
0.259877	0.869088	

Soluções:
0.010494	1.000000	
0.014815	0.993243	

Interação: 9
Enxame:
0.009877	0.986486	
0.004938	1.000000	
0.000000	1.000000	
0.000000	1.000000	

Soluções:
0.014815	0.993243	
0.010494	1.000000	

Interação: 10
Enxame:
0.000000	0.986486	
0.000000	1.000000	
0.000000	1.000000	
0.015432	0.985642	

Soluções:
0.014815	0.993243	
0.010494	1.000000	

Interação: 11
Enxame:
0.004938	0.991554	
0.129630	0.951858	
0.090123	0.939189	
0.004938	1.000000	

Soluções:
0.129630	0.951858	
0.014815	0.993243	

Interação: 12
Enxame:
0.000000	1.000000	
0.000000	1.000000	
0.004938	1.000000	
0.065432	0.993243	

Soluções:
0.004938	1.000000	
0.129630	0.951858	

Interação: 13
Enxame:
0.000000	1.000000	
0.004938	0.993243	
0.065432	0.993243	
0.079630	0.945101	

Soluções:
0.129630	0.951858	
0.004938	1.000000	

Interação: 14
Enxame:
0.000000	1.000000	
0.259877	0.869088	
0.004938	0.992399	
0.014815	0.993243	

Soluções:
0.129630	0.951858	
0.004938	1.000000	

Interação: 15
Enxame:
0.019753	1.000000	
0.004938	0.986486	
0.014815	0.993243	
0.090123	0.939189	

Soluções:
0.129630	0.951858	
0.019753	1.000000	

Interação: 16
Enxame:
0.129630	0.951858	
0.000000	1.000000	
0.004938	1.000000	
0.009877	0.986486	

Soluções:
0.019753	1.000000	
0.129630	0.951858	

Interação: 17
Enxame:
0.129630	0.951858	
0.009877	0.957770	
1.000000	0.000000	
0.259877	0.869088	

Soluções:
0.019753	1.000000	
0.129630	0.951858	

Interação: 18
Enxame:
0.005556	1.000000	
0.000000	1.000000	
0.284568	0.930743	
0.019753	1.000000	

Soluções:
0.129630	0.951858	
0.019753	1.000000	

Interação: 19
Enxame:
0.000000	1.000000	
0.019753	1.000000	
0.004938	1.000000	
1.000000	0.000000	

Soluções:
0.129630	0.951858	
0.019753	1.000000	

Interação: 20
Enxame:
0.000000	1.000000	
0.004938	1.000000	
0.015432	0.985642	
0.019753	1.000000	

Soluções:
0.019753	1.000000	
0.019753	1.000000	

Interação: 21
Enxame:
0.009877	1.000000	
0.004938	1.000000	
0.004938	1.000000	
0.044444	0.993243	

Soluções:
0.019753	1.000000	
0.019753	1.000000	

Interação: 22
Enxame:
0.044444	0.993243	
0.009877	0.957770	
0.129630	0.951858	
0.065432	0.993243	

Soluções:
0.019753	1.000000	
0.019753	1.000000	

Interação: 23
Enxame:
0.000000	1.000000	
0.044444	0.993243	
0.004938	1.000000	
0.019753	1.000000	

Soluções:
0.019753	1.000000	
0.019753	1.000000	

Interação: 24
Enxame:
0.000000	1.000000	
0.009877	0.957770	
0.081481	0.944257	
0.044444	0.993243	

Soluções:
0.019753	1.000000	
0.019753	1.000000	

Interação: 25
Enxame:
0.454321	0.433277	
0.454321	0.433277	
0.081481	0.944257	
0.259877	0.869088	

Soluções:
0.019753	1.000000	
0.019753	1.000000	

Fim:

Soluções:
0.019753	1.000000	
0.019753	1.000000	

'\"68.8~MaxValue\"' ___ '\"19.1~34.2\"' ___ '\"92.6~MaxValue\"' '\"4.0~6.0\"' -> negative
___ ___ '\"19.1~34.2\"' ___ '\"92.6~MaxValue\"' '\"4.0~6.0\"' -> negative
