Interação: 1
Enxame:
0.000000	1.000000	
0.000000	1.000000	
0.000000	1.000000	
0.004938	0.993249	

Soluções:
0.000000	1.000000	
0.000000	1.000000	

Interação: 2
Enxame:
0.000000	1.000000	
0.000000	1.000000	
0.000000	1.000000	
0.000000	1.000000	

Soluções:
0.000000	1.000000	
0.000000	1.000000	

Interação: 3
Enxame:
0.059877	0.951899	
0.000000	1.000000	
0.000000	1.000000	
0.000000	1.000000	

Soluções:
0.000000	1.000000	
0.000000	1.000000	

Interação: 4
Enxame:
0.000000	1.000000	
0.000000	1.000000	
0.004938	1.000000	
0.000000	1.000000	

Soluções:
0.004938	1.000000	
0.000000	1.000000	

Interação: 5
Enxame:
0.034568	0.993249	
0.000000	1.000000	
0.000000	1.000000	
0.000000	1.000000	

Soluções:
0.004938	1.000000	
0.034568	0.993249	

Interação: 6
Enxame:
0.045679	0.918143	
0.000000	1.000000	
0.000000	1.000000	
0.000000	1.000000	

Soluções:
0.034568	0.993249	
0.004938	1.000000	

Interação: 7
Enxame:
0.009877	1.000000	
0.000000	1.000000	
0.000000	1.000000	
0.000000	0.993249	

Soluções:
0.034568	0.993249	
0.009877	1.000000	

Interação: 8
Enxame:
0.000000	1.000000	
0.000000	1.000000	
0.000000	0.993249	
0.116049	0.876793	

Soluções:
0.034568	0.993249	
0.009877	1.000000	

Interação: 9
Enxame:
0.306790	0.597468	
0.000000	1.000000	
0.000000	1.000000	
0.000000	0.979747	

Soluções:
0.034568	0.993249	
0.009877	1.000000	

Interação: 10
Enxame:
0.000000	1.000000	
0.000000	0.993249	
0.004938	1.000000	
0.000000	1.000000	

Soluções:
0.009877	1.000000	
0.034568	0.993249	

Interação: 11
Enxame:
0.054321	0.959494	
0.000000	1.000000	
0.000000	1.000000	
0.000000	1.000000	

Soluções:
0.034568	0.993249	
0.009877	1.000000	

Interação: 12
Enxame:
0.000000	1.000000	
0.000000	0.993249	
0.009877	1.000000	
0.000000	1.000000	

Soluções:
0.009877	1.000000	
0.009877	1.000000	

Interação: 13
Enxame:
0.258642	0.869198	
0.000000	1.000000	
0.034568	0.993249	
0.000000	1.000000	

Soluções:
0.009877	1.000000	
0.009877	1.000000	

Interação: 14
Enxame:
0.090123	0.937553	
0.000000	1.000000	
0.000000	1.000000	
0.009877	1.000000	

Soluções:
0.009877	1.000000	
0.009877	1.000000	

Interação: 15
Enxame:
0.000000	1.000000	
0.000000	1.000000	
0.009877	1.000000	
0.000000	1.000000	

Soluções:
0.009877	1.000000	
0.009877	1.000000	

Interação: 16
Enxame:
0.090123	0.937553	
0.000000	1.000000	
0.024691	1.000000	
0.000000	1.000000	

Soluções:
0.024691	1.000000	
0.090123	0.937553	

Interação: 17
Enxame:
0.019753	0.979747	
0.000000	1.000000	
0.009877	1.000000	
0.009877	0.979747	

Soluções:
0.024691	1.000000	
0.090123	0.937553	

Interação: 18
Enxame:
0.180864	0.939241	
0.020370	0.979747	
0.009877	1.000000	
0.000000	1.000000	

Soluções:
0.180864	0.939241	
0.024691	1.000000	

Interação: 19
Enxame:
0.311728	0.597468	
0.019753	0.979747	
0.000000	1.000000	
0.000000	1.000000	

Soluções:
0.180864	0.939241	
0.024691	1.000000	

Interação: 20
Enxame:
0.086420	0.972996	
0.000000	0.985654	
0.014815	0.979747	
0.004938	1.000000	

Soluções:
0.024691	1.000000	
0.180864	0.939241	

Interação: 21
Enxame:
0.180864	0.939241	
0.000000	1.000000	
0.024691	1.000000	
0.090123	0.937553	

Soluções:
0.180864	0.939241	
0.024691	1.000000	

Interação: 22
Enxame:
1.000000	0.000000	
0.010494	1.000000	
0.024691	1.000000	
0.232716	0.638819	

Soluções:
0.180864	0.939241	
0.024691	1.000000	

Interação: 23
Enxame:
0.019753	0.993249	
0.090123	0.937553	
0.024691	1.000000	
0.180864	0.939241	

Soluções:
0.180864	0.939241	
0.024691	1.000000	

Interação: 24
Enxame:
0.232716	0.638819	
0.000000	1.000000	
0.086420	0.972996	
0.079630	0.945992	

Soluções:
0.180864	0.939241	
0.024691	1.000000	

Interação: 25
Enxame:
1.000000	0.000000	
0.000000	1.000000	
0.079630	0.945992	
0.000000	1.000000	

Soluções:
0.180864	0.939241	
0.024691	1.000000	

Fim:

Soluções:
0.180864	0.939241	
0.024691	1.000000	

'\"68.8~MaxValue\"' ___ ___ ___ '\"MinValue~34.2\"' '\"4.0~6.0\"' -> negative
'\"68.8~MaxValue\"' ___ ___ '\"12.7~20.4\"' '\"63.4~92.6\"' ___ -> negative
