Interação: 1
Enxame:
0.000000	1.000000	
0.000000	1.000000	
0.000000	1.000000	
0.004938	0.993249	

Soluções:
0.000000	1.000000	
0.000000	1.000000	

Interação: 2
Enxame:
0.000000	1.000000	
0.000000	1.000000	
0.000000	1.000000	
0.000000	0.993249	

Soluções:
0.000000	1.000000	
0.000000	1.000000	

Interação: 3
Enxame:
0.000000	1.000000	
0.000000	0.979747	
0.000000	1.000000	
0.000000	1.000000	

Soluções:
0.000000	1.000000	
0.000000	1.000000	

Interação: 4
Enxame:
0.000000	1.000000	
0.000000	1.000000	
0.000000	1.000000	
0.349383	0.556962	

Soluções:
0.000000	1.000000	
0.000000	1.000000	

Interação: 5
Enxame:
0.000000	1.000000	
0.000000	1.000000	
0.000000	1.000000	
0.000000	1.000000	

Soluções:
0.000000	1.000000	
0.000000	1.000000	

Interação: 6
Enxame:
0.000000	0.993249	
0.000000	0.993249	
0.000000	1.000000	
0.000000	1.000000	

Soluções:
0.000000	1.000000	
0.000000	1.000000	

Interação: 7
Enxame:
0.000000	1.000000	
0.000000	1.000000	
1.000000	0.000000	
0.004938	1.000000	

Soluções:
0.004938	1.000000	
1.000000	0.000000	

Interação: 8
Enxame:
0.009877	0.986498	
0.000000	1.000000	
1.000000	0.000000	
0.004938	0.986498	

Soluções:
0.004938	1.000000	
1.000000	0.000000	

Interação: 9
Enxame:
0.000000	1.000000	
0.000000	1.000000	
0.000000	1.000000	
0.000000	1.000000	

Soluções:
0.004938	1.000000	
1.000000	0.000000	

Interação: 10
Enxame:
1.000000	0.000000	
0.000000	1.000000	
1.000000	0.000000	
0.004938	0.991561	

Soluções:
0.004938	1.000000	
1.000000	0.000000	

Interação: 11
Enxame:
0.000000	1.000000	
0.000000	1.000000	
0.004938	1.000000	
0.000000	1.000000	

Soluções:
0.004938	1.000000	
0.004938	1.000000	

Interação: 12
Enxame:
0.004938	1.000000	
0.000000	1.000000	
0.000000	1.000000	
0.014815	0.993249	

Soluções:
0.004938	1.000000	
0.004938	1.000000	

Interação: 13
Enxame:
1.000000	0.000000	
0.050000	0.945148	
0.009877	1.000000	
0.050000	0.945148	

Soluções:
0.009877	1.000000	
1.000000	0.000000	

Interação: 14
Enxame:
0.285185	0.929958	
0.004938	1.000000	
0.014815	0.993249	
0.004938	0.959494	

Soluções:
0.009877	1.000000	
1.000000	0.000000	

Interação: 15
Enxame:
0.004938	1.000000	
0.004938	1.000000	
0.095062	0.966245	
0.014815	0.993249	

Soluções:
0.009877	1.000000	
1.000000	0.000000	

Interação: 16
Enxame:
0.260494	0.870886	
0.000000	1.000000	
0.014815	1.000000	
0.014815	1.000000	

Soluções:
0.014815	1.000000	
0.014815	1.000000	

Interação: 17
Enxame:
0.009877	1.000000	
0.014815	0.993249	
0.039506	0.939241	
0.349383	0.556962	

Soluções:
0.014815	1.000000	
0.014815	1.000000	

Interação: 18
Enxame:
0.349383	0.556962	
0.004938	1.000000	
0.050000	0.945148	
0.000000	1.000000	

Soluções:
0.014815	1.000000	
0.014815	1.000000	

Interação: 19
Enxame:
0.000000	1.000000	
0.285185	0.929958	
0.285185	0.929958	
0.014815	1.000000	

Soluções:
0.014815	1.000000	
0.014815	1.000000	

Interação: 20
Enxame:
0.020370	1.000000	
0.000000	1.000000	
0.000000	1.000000	
0.000000	1.000000	

Soluções:
0.020370	1.000000	
0.000000	1.000000	

Interação: 21
Enxame:
0.014815	1.000000	
1.000000	0.000000	
0.000000	0.993249	
0.349383	0.556962	

Soluções:
0.020370	1.000000	
1.000000	0.000000	

Interação: 22
Enxame:
0.207407	0.740084	
0.000000	0.993249	
0.995062	0.008439	
0.095062	0.966245	

Soluções:
0.020370	1.000000	
1.000000	0.000000	

Interação: 23
Enxame:
0.000000	1.000000	
0.066049	0.993249	
1.000000	0.000000	
0.000000	1.000000	

Soluções:
0.020370	1.000000	
1.000000	0.000000	

Interação: 24
Enxame:
0.000000	1.000000	
0.000000	1.000000	
1.000000	0.000000	
0.000000	1.000000	

Soluções:
0.020370	1.000000	
1.000000	0.000000	

Interação: 25
Enxame:
0.349383	0.556962	
0.014815	0.972152	
0.207407	0.740084	
0.016049	1.000000	

Soluções:
0.020370	1.000000	
1.000000	0.000000	

Fim:

Soluções:
0.020370	1.000000	
1.000000	0.000000	

___ '\"69.0~80.5\"' ___ ___ '\"34.2~63.4\"' '\"MinValue~2.0\"' -> negative
___ ___ ___ ___ ___ ___ -> negative
