Interação: 1
Enxame:
0.000000	1.000000	
0.000000	1.000000	
0.000000	1.000000	
0.000000	1.000000	

Soluções:
0.000000	1.000000	
0.000000	1.000000	

Interação: 2
Enxame:
0.009877	0.986498	
0.000000	0.993249	
0.000000	1.000000	
0.000000	1.000000	

Soluções:
0.000000	1.000000	
0.000000	1.000000	

Interação: 3
Enxame:
0.455556	0.429536	
0.114815	0.837975	
0.004938	1.000000	
0.000000	1.000000	

Soluções:
0.004938	1.000000	
0.455556	0.429536	

Interação: 4
Enxame:
0.029630	0.993249	
0.000000	1.000000	
0.034568	1.000000	
0.000000	0.986498	

Soluções:
0.034568	1.000000	
0.455556	0.429536	

Interação: 5
Enxame:
0.000000	1.000000	
0.259259	0.871730	
0.000000	1.000000	
0.000000	1.000000	

Soluções:
0.034568	1.000000	
0.455556	0.429536	

Interação: 6
Enxame:
0.009877	1.000000	
0.000000	1.000000	
0.004938	1.000000	
0.090741	0.938397	

Soluções:
0.034568	1.000000	
0.455556	0.429536	

Interação: 7
Enxame:
0.000000	1.000000	
0.995062	0.008439	
0.009877	0.971308	
0.104938	0.870042	

Soluções:
0.455556	0.429536	
0.034568	1.000000	

Interação: 8
Enxame:
0.320370	0.833755	
0.000000	1.000000	
0.995062	0.008439	
0.004938	0.993249	

Soluções:
0.455556	0.429536	
0.034568	1.000000	

Interação: 9
Enxame:
0.009877	1.000000	
0.000000	1.000000	
0.019753	1.000000	
0.095062	0.986498	

Soluções:
0.034568	1.000000	
0.455556	0.429536	

Interação: 10
Enxame:
0.455556	0.429536	
0.045062	0.959494	
0.079012	0.945992	
0.034568	1.000000	

Soluções:
0.034568	1.000000	
0.034568	1.000000	

Interação: 11
Enxame:
0.315432	0.842194	
0.045679	0.992405	
0.034568	1.000000	
0.079012	0.945992	

Soluções:
0.034568	1.000000	
0.034568	1.000000	

Interação: 12
Enxame:
0.085802	0.883544	
0.079012	0.945992	
0.024691	1.000000	
0.034568	1.000000	

Soluções:
0.034568	1.000000	
0.034568	1.000000	

Interação: 13
Enxame:
0.014815	1.000000	
0.009877	1.000000	
0.004938	1.000000	
1.000000	0.000000	

Soluções:
0.034568	1.000000	
0.034568	1.000000	

Interação: 14
Enxame:
0.315432	0.842194	
0.455556	0.429536	
0.455556	0.429536	
0.455556	0.429536	

Soluções:
0.455556	0.429536	
0.034568	1.000000	

Interação: 15
Enxame:
0.455556	0.429536	
0.455556	0.429536	
0.080247	0.944304	
0.035185	1.000000	

Soluções:
0.035185	1.000000	
0.455556	0.429536	

Interação: 16
Enxame:
0.034568	1.000000	
0.285185	0.932489	
0.455556	0.429536	
0.014815	0.979747	

Soluções:
0.035185	1.000000	
0.455556	0.429536	

Interação: 17
Enxame:
0.009877	0.986498	
0.004938	1.000000	
0.995062	0.008439	
0.455556	0.429536	

Soluções:
0.455556	0.429536	
0.035185	1.000000	

Interação: 18
Enxame:
0.045679	0.992405	
1.000000	0.000000	
0.090741	0.938397	
0.455556	0.429536	

Soluções:
0.455556	0.429536	
0.035185	1.000000	

Interação: 19
Enxame:
0.320370	0.833755	
0.285185	0.932489	
0.995062	0.008439	
0.455556	0.429536	

Soluções:
0.455556	0.429536	
0.035185	1.000000	

Interação: 20
Enxame:
0.004938	1.000000	
0.455556	0.429536	
0.000000	1.000000	
0.035185	1.000000	

Soluções:
0.035185	1.000000	
0.455556	0.429536	

Interação: 21
Enxame:
0.130247	0.952743	
1.000000	0.000000	
0.285185	0.932489	
0.034568	1.000000	

Soluções:
0.455556	0.429536	
0.035185	1.000000	

Interação: 22
Enxame:
0.000000	1.000000	
0.045679	0.992405	
0.285185	0.932489	
0.285185	0.932489	

Soluções:
0.035185	1.000000	
0.455556	0.429536	

Interação: 23
Enxame:
0.045679	0.992405	
1.000000	0.000000	
0.045679	0.992405	
0.045679	0.992405	

Soluções:
0.455556	0.429536	
0.035185	1.000000	

Interação: 24
Enxame:
0.320370	0.833755	
0.130247	0.952743	
1.000000	0.000000	
0.285185	0.932489	

Soluções:
0.455556	0.429536	
0.035185	1.000000	

Interação: 25
Enxame:
0.109877	0.986498	
0.034568	1.000000	
0.130247	0.952743	
0.000000	1.000000	

Soluções:
0.035185	1.000000	
0.455556	0.429536	

Fim:

Soluções:
0.035185	1.000000	
0.455556	0.429536	

___ ___ ___ ___ '\"92.6~MaxValue\"' '\"4.0~6.0\"' -> negative
___ ___ '\"19.1~34.2\"' ___ ___ ___ -> negative
