Interação: 1
Enxame:
0.000000	1.000000	
0.000000	1.000000	
0.000000	1.000000	
0.000000	1.000000	

Soluções:
0.004938	0.991554	
0.000000	1.000000	

Interação: 2
Enxame:
0.000000	1.000000	
0.000000	1.000000	
0.004938	1.000000	
0.004938	1.000000	

Soluções:
0.004938	1.000000	
0.004938	1.000000	

Interação: 3
Enxame:
0.000000	1.000000	
0.000000	1.000000	
0.000000	1.000000	
0.000000	1.000000	

Soluções:
0.004938	1.000000	
0.004938	1.000000	

Interação: 4
Enxame:
0.000000	1.000000	
0.000000	1.000000	
0.000000	1.000000	
0.000000	1.000000	

Soluções:
0.004938	1.000000	
0.004938	1.000000	

Interação: 5
Enxame:
0.000000	1.000000	
0.000000	1.000000	
0.000000	1.000000	
0.000000	1.000000	

Soluções:
0.004938	1.000000	
0.004938	1.000000	

Interação: 6
Enxame:
0.220370	0.612331	
0.039506	0.966216	
0.096296	0.965372	
0.004938	1.000000	

Soluções:
0.004938	1.000000	
0.004938	1.000000	

Interação: 7
Enxame:
0.000000	1.000000	
0.096296	0.965372	
0.004938	1.000000	
0.000000	1.000000	

Soluções:
0.004938	1.000000	
0.004938	1.000000	

Interação: 8
Enxame:
0.000000	1.000000	
0.000000	1.000000	
0.004938	1.000000	
0.000000	1.000000	

Soluções:
0.004938	1.000000	
0.004938	1.000000	

Interação: 9
Enxame:
0.120370	0.938345	
0.000000	1.000000	
0.009877	0.986486	
0.024691	0.972973	

Soluções:
0.004938	1.000000	
0.004938	1.000000	

Interação: 10
Enxame:
0.000000	1.000000	
1.000000	0.000000	
0.000000	1.000000	
0.000000	1.000000	

Soluções:
0.004938	1.000000	
0.004938	1.000000	

Interação: 11
Enxame:
0.000000	1.000000	
0.000000	1.000000	
0.259259	0.869932	
0.004938	1.000000	

Soluções:
0.004938	1.000000	
0.004938	1.000000	

Interação: 12
Enxame:
0.009877	0.986486	
0.351235	0.555743	
0.000000	1.000000	
0.000000	1.000000	

Soluções:
0.004938	1.000000	
0.004938	1.000000	

Interação: 13
Enxame:
0.000000	1.000000	
0.004938	0.986486	
0.004938	1.000000	
0.004938	1.000000	

Soluções:
0.004938	1.000000	
0.004938	1.000000	

Interação: 14
Enxame:
0.000000	1.000000	
0.079012	0.945946	
0.120370	0.938345	
0.004938	1.000000	

Soluções:
0.004938	1.000000	
0.004938	1.000000	

Interação: 15
Enxame:
0.000000	1.000000	
0.259259	0.869932	
0.004938	1.000000	
0.010494	0.993243	

Soluções:
0.004938	1.000000	
0.004938	1.000000	

Interação: 16
Enxame:
0.009877	0.986486	
0.000000	1.000000	
0.000000	1.000000	
0.004938	1.000000	

Soluções:
0.004938	1.000000	
0.004938	1.000000	

Interação: 17
Enxame:
0.351235	0.555743	
0.456173	0.433277	
0.000000	1.000000	
0.000000	1.000000	

Soluções:
0.004938	1.000000	
0.004938	1.000000	

Interação: 18
Enxame:
0.004938	1.000000	
0.004938	1.000000	
0.004938	1.000000	
0.000000	1.000000	

Soluções:
0.004938	1.000000	
0.004938	1.000000	

Interação: 19
Enxame:
0.259259	0.869932	
0.000000	1.000000	
0.000000	1.000000	
0.004938	1.000000	

Soluções:
0.004938	1.000000	
0.004938	1.000000	

Interação: 20
Enxame:
0.004938	1.000000	
0.014815	0.986486	
0.009877	0.965372	
0.000000	1.000000	

Soluções:
0.014815	0.986486	
0.004938	1.000000	

Interação: 21
Enxame:
0.000000	1.000000	
0.000000	1.000000	
0.000000	1.000000	
0.024691	0.972973	

Soluções:
0.014815	0.986486	
0.004938	1.000000	

Interação: 22
Enxame:
0.000000	1.000000	
0.000000	1.000000	
0.004938	0.993243	
0.009877	0.986486	

Soluções:
0.014815	0.986486	
0.004938	1.000000	

Interação: 23
Enxame:
0.995062	0.008446	
0.456173	0.433277	
0.000000	1.000000	
0.004938	1.000000	

Soluções:
0.014815	0.986486	
0.004938	1.000000	

Interação: 24
Enxame:
0.346296	0.564189	
0.014815	0.986486	
0.346296	0.564189	
0.000000	1.000000	

Soluções:
0.014815	0.986486	
0.004938	1.000000	

Interação: 25
Enxame:
0.004938	1.000000	
0.000000	0.993243	
0.000000	1.000000	
0.004938	1.000000	

Soluções:
0.004938	1.000000	
0.004938	1.000000	

Fim:

Soluções:
0.004938	1.000000	
0.004938	1.000000	

'\"68.8~MaxValue\"' '\"34.5~46.0\"' '\"19.1~34.2\"' '\"MinValue~12.7\"' ___ ___ -> negative
'\"68.8~MaxValue\"' '\"34.5~46.0\"' ___ '\"MinValue~12.7\"' ___ ___ -> negative
