Interação: 1
Enxame:
0.000000	1.000000	
0.000000	1.000000	
0.000000	1.000000	
0.000000	1.000000	

Soluções:
0.000000	1.000000	
0.000000	1.000000	

Interação: 2
Enxame:
0.009877	0.986486	
0.000000	0.993243	
0.000000	1.000000	
0.000000	1.000000	

Soluções:
0.000000	1.000000	
0.000000	1.000000	

Interação: 3
Enxame:
0.454321	0.433277	
0.116049	0.835304	
0.004938	1.000000	
0.000000	1.000000	

Soluções:
0.004938	1.000000	
0.454321	0.433277	

Interação: 4
Enxame:
0.029630	0.992399	
0.000000	1.000000	
0.035185	1.000000	
0.000000	0.986486	

Soluções:
0.035185	1.000000	
0.454321	0.433277	

Interação: 5
Enxame:
0.000000	1.000000	
0.261111	0.867399	
0.000000	1.000000	
0.000000	1.000000	

Soluções:
0.035185	1.000000	
0.454321	0.433277	

Interação: 6
Enxame:
0.009877	1.000000	
0.000000	1.000000	
0.004938	1.000000	
0.089506	0.939189	

Soluções:
0.035185	1.000000	
0.454321	0.433277	

Interação: 7
Enxame:
0.000000	1.000000	
0.994444	0.008446	
0.009877	0.972973	
0.106173	0.871622	

Soluções:
0.454321	0.433277	
0.035185	1.000000	

Interação: 8
Enxame:
0.320370	0.833615	
0.000000	1.000000	
0.994444	0.008446	
0.005556	0.993243	

Soluções:
0.454321	0.433277	
0.035185	1.000000	

Interação: 9
Enxame:
0.009877	1.000000	
0.000000	1.000000	
0.019753	1.000000	
0.095679	0.986486	

Soluções:
0.035185	1.000000	
0.454321	0.433277	

Interação: 10
Enxame:
0.454321	0.433277	
0.045062	0.959459	
0.080247	0.945946	
0.035185	1.000000	

Soluções:
0.035185	1.000000	
0.035185	1.000000	

Interação: 11
Enxame:
0.314815	0.842061	
0.045062	0.993243	
0.035185	1.000000	
0.080247	0.945946	

Soluções:
0.035185	1.000000	
0.035185	1.000000	

Interação: 12
Enxame:
0.083951	0.884291	
0.080247	0.945946	
0.024691	1.000000	
0.035185	1.000000	

Soluções:
0.035185	1.000000	
0.035185	1.000000	

Interação: 13
Enxame:
0.015432	1.000000	
0.009877	1.000000	
0.004938	1.000000	
1.000000	0.000000	

Soluções:
0.035185	1.000000	
0.035185	1.000000	

Interação: 14
Enxame:
0.314815	0.842061	
0.454321	0.433277	
0.454321	0.433277	
0.454321	0.433277	

Soluções:
0.454321	0.433277	
0.035185	1.000000	

Interação: 15
Enxame:
0.454321	0.433277	
0.454321	0.433277	
0.080247	0.945101	
0.034568	1.000000	

Soluções:
0.035185	1.000000	
0.454321	0.433277	

Interação: 16
Enxame:
0.035185	1.000000	
1.000000	0.000000	
0.454321	0.433277	
0.014815	0.979730	

Soluções:
0.454321	0.433277	
0.035185	1.000000	

Interação: 17
Enxame:
0.009877	0.986486	
0.116049	0.835304	
0.454321	0.433277	
0.035185	1.000000	

Soluções:
0.035185	1.000000	
0.035185	1.000000	

Interação: 18
Enxame:
0.035185	1.000000	
1.000000	0.000000	
0.080247	0.945946	
0.025926	0.986486	

Soluções:
0.035185	1.000000	
0.035185	1.000000	

Interação: 19
Enxame:
0.320370	0.833615	
0.116049	0.835304	
0.454321	0.433277	
0.080247	0.945946	

Soluções:
0.035185	1.000000	
0.035185	1.000000	

Interação: 20
Enxame:
0.009877	1.000000	
0.080247	0.945946	
0.080247	0.945946	
0.454321	0.433277	

Soluções:
0.035185	1.000000	
0.035185	1.000000	

Interação: 21
Enxame:
0.314815	0.842061	
0.454321	0.433277	
0.015432	1.000000	
0.454321	0.433277	

Soluções:
0.035185	1.000000	
0.035185	1.000000	

Interação: 22
Enxame:
0.035185	1.000000	
0.351235	0.554054	
0.994444	0.008446	
0.994444	0.008446	

Soluções:
0.035185	1.000000	
0.035185	1.000000	

Interação: 23
Enxame:
0.320370	0.833615	
0.304321	0.596284	
0.994444	0.008446	
0.035185	1.000000	

Soluções:
0.035185	1.000000	
0.035185	1.000000	

Interação: 24
Enxame:
0.009877	1.000000	
0.009877	1.000000	
0.454321	0.433277	
0.035185	1.000000	

Soluções:
0.035185	1.000000	
0.035185	1.000000	

Interação: 25
Enxame:
0.010494	1.000000	
0.035185	1.000000	
0.035185	1.000000	
0.994444	0.008446	

Soluções:
0.035185	1.000000	
0.035185	1.000000	

Fim:

Soluções:
0.035185	1.000000	
0.035185	1.000000	

'\"68.8~MaxValue\"' ___ '\"19.1~34.2\"' ___ '\"63.4~92.6\"' ___ -> negative
___ ___ '\"19.1~34.2\"' ___ '\"63.4~92.6\"' ___ -> negative
